000000110
000010101
000000111
000110101
000110000
000000001
000101101
000100001
000000100
000100001
000111011
000011110
000111100
000001010
000101110
000101100
000000010
000000000
000010110
000010111
000011100
000100011
000111001
000111110
000010101
000110001
000101100
000111111
000000010
000000101
000001010
000111111
000101101
000110010
000001011
000011000
000010111
000011010
000101101
000001001
000010100
000000100
000010111
000011100
000111110
000000001
000000100
000001111
000100111
000110011
000101010
000001000
000010011
000101100
000101111
000111100
000000110
000010111
000100000
000101000
000010111
000110100
000101001
000110111
000000100
000110011
000011110
000000101
000001000
000110100
000100100
000111110
000010011
000010011
000010111
000101000
000100101
000101101
000010100
000101011
000101110
000110111
000001100
000111011
000100001
000010010
000101111
000010111
000001010
000101000
000011101
000110011
000010110
000010011
000011100
000101011
000110000
000110001
000100110
000000110
000111000
000000010
000001000
000101110
000010111
000110101
000111011
000110100
000101011
000000001
000010101
000011110
000111101
000000101
000010000
000000110
000100111
000011101
000110111
000010111
000111001
000010100
000100101
000100100
000011110
001000000
000011101
000101111
000111100
000000100
000001100
000010111
000000001
000110010
000101101
000110010
000001101
000101010
000100111
000100110
000011110
000110001
000111100
000010111
000111101
000001110
000101100
000000111
000100111
000101000
000000010
000001011
000101011
000100011
000000001
000010101
000110100
000110011
000110100
000001101
000101000
000011101
000001001
000111001
000001101
000100011
000101101
000101011
000011000
000010100
000110111
000100100
000110010
000111100
000101110
000111001
000111010
000001010
000110000
000001111
000110010
000010111
000011010
000110011
000011110
000000110
000000000
001000000
000000110
000110011
000001110
000101101
000101010
000110001
000110000
000010010
000011111
000001111
000010001
000010010
000010111
000100000
000010110
000111001
000111101
000011110
000111000
000010101
000001111
000011110
000111100
000001110
000011101
000010001
000100100
000010101
000101110
000100110
000111100
000001001
000011010
000111010
000001011
000000011
000001010
000110000
000100001
000100110
000110010
000011011
000110101
000110010
000001011
000011011
000000111
000011101
000110010
000111011
000111011
000110010
000101010
000001011
000111111
000010011
000100010
000010001
000100001
000010001
000111101
000111000
000011111
000011001
000011001
000110100
000100100
000110100
000000001
000001000
000011011
000001011
000001001
000100010
000100100
000011011
000011001
000010111
000011001
000001010
000011110
000100011
000110100
000100110
000011001
000101000
000100101
000101110
000100011
000000001
000011010
000000111
000010000
000111011
000110011
000000111
000110111
000111100
000101001
000010101
000101101
000010100
000100010
000010111
000111000
000001000
000011100
000001001
000011000
000101100
000101110
000100111
000010110
000101011
000101111
000010001
000010001
000001011
000001110
000001101
000010011
000111111
000100100
000011000
000011101
000101110
000001011
000010110
000100011
000111101
000000111
000100111
000001100
000001011
000100001
000001111
000110100
000110011
000100000
000101011
000001001
000100100
000110000
000100000
000111011
000100011
000010110
000100000
000011111
000011000
000110000
000010000
000000010
000001010
000110111
000100001
000000100
000010110
000110101
000100011
000110011
000011010
000100001
000110010
000100010
000010010
000100001
000010010
000111011
000110101
000110001
000000001
000111100
000011000
000000101
000110000
000001001
000111101
000110010
000101100
000101101
000000011
000010011
000111001
000101000
000001111
000110111
000101011
000111010
000101110
000101101
000011100
000110001
000011011
000001011
000010101
000110000
000110001
000100101
000000001
000011101
000011111
000101111
000011101
000011111
001000000
000000100
000011000
000111001
000100101
000111100
000101111
000111100
000101111
000110010
000000101
000010010
000010101
000010100
000100111
000111101
000001001
000010111
000101100
000010011
000111111
000001110
000001010
000100101
000000010
000101010
000011110
000010100
000100100
000001100
000101010
000110101
000111000
000110110
000011100
000010011
000100000
000001100
000101001
000100110
000000101
000101101
000110100
000010001
000110011
000110111
000100100
001000000
000011101
000010000
000011101
000100011
000111001
000100111
000110001
000101011
000010000
000100100
000100100
000111100
000110000
000110010
000010110
000000011
000110100
000100011
000001000
000011101
000101001
000001001
000110001
000101000
000000010
000111101
000011001
000111010
000010101
000000111
000100101
000000110
000001001
000001010
000101011
000100000
000100010
000110101
000101010
000101110
000000011
000011111
000111001
000011101
000100110
000110001
000011010
000101011
000101111
000000111
000100111
000101000
000101000
000111001
000101001
000011100
000101001
000101110
000000100
000110010
000001010
000111101
000111000
000111110
000011010
000101001
000111010
000101000
000000101
000110000
000111010
